5
0 1 100 200 300
1 0 5 100 200
2 1 0 50 100
100 50 5 0 2
300 200 50 2 0
5
0 1 5 50 100
1 0 2 10 100
10 2 0 5 100
100 50 5 0 10
100 100 50 5 0
5
0 1 100 200 300
1 0 5 30 100
100 5 0 6 50
100 30 1 0 5
300 100 10 2 0
8
0 20 100 500 1000 1000 1000 1000
30 0 20 100 1000 1000 1000 1000
100 30 0 20 1000 1000 1000 1000
300 100 30 0 300 1000 1000 1000
1000 1000 1000 1000 0 50 200 500
1000 1000 1000 1000 50 0 150 500
1000 1000 1000 1000 200 150 0 300
1000 1000 1000 1000 500 500 300 0
7
0 5 50 100 500 500 500
5 0 40 100 500 500 500
100 50 0 60 150 500 500
500 400 60 0 150 400 500
500 400 300 60 0 50 150
500 400 350 300 60 0 50
500 500 400 300 200 60 0
